k1=10*eye(3);
k2=0.6*eye(3);
a1=0.5*eye(3);
a2=0.5*eye(3);
q1=150*eye(3);
q2=1.5*eye(3);
 j=diag([2.35e-3 2.35e-3 5.26e-2]);