k1=0.5*eye(3);
k2=10*eye(3);
a1=0.5*eye(3);
a2=0.5*eye(3);
a3=20*eye(3);
a4=8*eye(3);
 j=diag([2.35e-3 2.35e-3 5.26e-2]);
